-0.1088
-0.1318
-0.1490
-0.1441
-0.1210
-0.1220
-0.1456
-0.1594
-0.1633
-0.1876
-0.2250
-0.2525
-0.1899
-0.0945
-0.0318
0.0385
0.0868
0.1126
0.0775
0.0272
-0.0294
-0.0826
-0.1369
-0.1692
-0.1685
-0.1784
-0.2236
-0.2693
-0.2444
-0.1654
-0.1350
-0.1266
-0.1185
-0.0700
-0.0035
0.0170
0.0092
-0.0408
-0.1015
-0.1619
-0.1711
-0.1554
-0.1441
-0.1340
-0.1307
-0.1651
-0.1762
-0.1717
-0.1428
-0.1230
-0.1216
-0.1154
-0.1113
-0.1042
-0.1231
-0.1220
-0.0908
-0.0737
-0.0747
-0.0815
-0.0897
-0.1089
-0.1431
-0.1709
-0.1807
-0.1635
-0.1588
-0.1692
-0.1868
-0.2130
-0.2598
-0.2728
-0.2369
-0.1808
-0.1219
-0.0231
0.0556
0.0410
-0.0421
-0.0710
-0.0544
-0.0779
-0.1094
-0.1340
-0.0587
-0.0385
-0.0555
-0.0994
-0.1313
-0.0958
-0.0458
0.0120
0.0601
0.1375
0.1690
0.1781
0.1649
0.1329
0.1011
0.0674
0.0387
0.0055
-0.0274
-0.0463
-0.0678
-0.0894
-0.0796
-0.0173
0.0381
0.0587
0.0260
-0.0048
0.0127
0.0333
0.0216
0.0200
0.0433
0.0597
0.0430
0.0481
0.0928
0.1554
0.1442
0.0840
0.0611
0.0828
0.0805
0.0171
-0.0772
-0.0712
-0.0275
-0.0117
-0.0161
0.0355
0.1409
0.2399
0.2922
0.3052
0.2857
0.2242
0.1833
0.1547
0.0864
0.0152
-0.0018
0.0496
0.0492
0.0300
0.0192
0.0088
-0.0225
0.0102
0.0462
0.0952
0.1034
0.1287
0.1065
0.0711
0.0177
-0.0112
-0.0399
-0.0694
-0.0771
-0.0827
-0.0923
-0.1046
-0.1115
-0.1228
-0.1144
-0.0796
-0.0248
0.0175
0.0658
0.0916
0.1034
0.1191
0.1636
0.1897
0.1235
0.0611
0.0218
0.0151
0.0081
-0.0767
-0.1463
-0.1339
-0.1155
-0.1150
-0.1001
-0.0022
0.0297
0.0411
0.0251
0.0338
0.0672
0.1513
0.1723
0.1534
0.0783
0.0519
0.0407
-0.0086
-0.0531
-0.0787
-0.0510
-0.0644
-0.1304
-0.2058
-0.2310
-0.1985
-0.1739
-0.2115
-0.1740
-0.0749
0.0285
0.0790
0.1207
0.1612
0.1216
0.0376
-0.0842
-0.1856
-0.2751
-0.3060
-0.3275
-0.3254
-0.3263
-0.3333
-0.3243
-0.2886
-0.2437
-0.1663
-0.0960
-0.0380
-0.0337
-0.0314
-0.0195
-0.0118
-0.0517
-0.1316
-0.1597
-0.1434
-0.1194
-0.1157
-0.1681
-0.1873
-0.1969
-0.1849
-0.1587
-0.1343
-0.1234
-0.1480
-0.1668
-0.1809
-0.1735
-0.1177
-0.0807
-0.0630
-0.0671
-0.0701
-0.0667
-0.0619
-0.0686
-0.0853
-0.0931
-0.0832
-0.1175
-0.1366
-0.1436
-0.1293
-0.1397
-0.1228
-0.0132
0.0592
0.1261
0.1772
0.2272
0.2379
0.2253
0.1850
0.1266
0.0832
0.0725
0.0947
0.1010
0.1130
0.0992
0.0962
0.1091
0.1480
0.1605
0.2045
0.2754
0.3378
0.3948
0.3886
0.3609
0.3399
0.3056
0.2697
0.2229
0.2218
0.2329
0.2032
0.1509
0.1039
0.1260
0.1498
0.1485
0.1478
0.1541
0.1910
0.2387
0.2598
0.2581
0.2550
0.2526
0.2293
0.1900
0.1453
0.1426
0.1371
0.1079
0.0579
0.0656
0.0868
0.0945
0.0456
0.0288
0.0519
0.0718
0.0621
0.0555
0.1198
0.1733
0.1813
0.1800
0.1814
0.1732
0.0980
0.0451
0.0056
0.0257
0.0477
0.0258
-0.0282
-0.0727
-0.1000
-0.1255
-0.2072
-0.2177
-0.1745
-0.0909
-0.0137
0.0516
0.1257
0.1226
0.0768
-0.0089
-0.0923
