-0.2010
-0.2503
-0.0825
0.1392
0.2064
0.2975
0.3178
0.3039
0.2238
0.1752
-0.0431
-0.0679
0.0636
0.1224
0.0624
0.0633
-0.0745
-0.0916
0.0040
-0.0515
-0.0124
-0.0480
0.0858
0.3389
0.3640
0.4043
0.4806
0.4980
0.3052
0.4404
0.5319
0.9261
1.2535
0.9278
0.6197
0.4056
-0.0794
-0.0878
-0.0536
-0.1490
-0.2389
-0.1915
-0.0315
0.1480
0.2899
0.1774
0.2751
0.3318
0.4702
0.6449
0.5305
0.4825
0.5260
0.4503
0.0275
0.1774
-0.0443
-0.0496
0.0796
-0.1748
-0.2561
-0.0803
0.1140
0.0451
0.0057
0.1209
0.2412
0.2634
-0.0142
-0.1861
-0.0795
0.0711
0.0914
0.0345
0.0541
0.1457
0.0875
-0.0987
-0.0236
-0.1279
-0.2453
-0.0189
0.0532
0.1520
0.2055
0.2328
0.0529
0.0051
-0.0334
0.0022
-0.0180
-0.0845
0.1476
0.1058
0.0611
0.1350
-0.0192
-0.0124
0.0756
0.1095
-0.1462
0.1434
0.3541
0.3613
0.2661
0.2245
0.2624
0.4511
0.6355
0.7144
0.8575
0.6356
0.4994
0.5043
0.1222
0.0258
-0.0020
0.0696
-0.0060
-0.0030
-0.0649
0.1568
0.3219
0.1389
0.1927
0.4664
0.5777
0.5136
0.3595
0.6080
0.4216
0.4383
0.4962
0.5499
0.4494
0.2083
0.0897
-0.1174
-0.0584
0.0390
-0.0256
-0.0609
-0.0506
0.0356
-0.0053
0.2198
0.0464
-0.1362
0.0152
0.1543
0.1129
0.0809
0.1604
0.2283
0.1807
-0.0890
-0.2868
-0.2630
-0.3991
-0.3259
-0.3021
-0.2740
-0.2742
-0.3311
-0.3293
-0.2441
-0.2910
-0.2632
-0.1487
-0.2632
-0.3089
-0.2607
-0.3407
-0.3016
-0.2638
-0.3690
-0.3533
-0.3634
-0.4808
-0.4640
-0.3354
-0.3415
-0.2474
-0.2005
-0.2361
-0.0688
0.0346
0.2063
0.3532
0.1846
0.0586
0.1243
-0.0048
-0.1626
-0.1404
-0.2236
-0.2479
-0.2825
-0.3477
-0.2515
-0.1052
-0.2001
-0.2398
-0.1273
-0.1298
-0.0635
-0.0911
-0.0782
-0.0672
-0.0118
-0.0840
0.0146
0.0992
0.0882
0.2712
0.0668
-0.1430
-0.1906
-0.2729
-0.2392
-0.1336
-0.2445
-0.2658
-0.1983
-0.2364
-0.3093
-0.3055
-0.2977
-0.1871
0.0248
0.1396
0.4670
0.4576
0.1244
0.0974
-0.1043
-0.3874
-0.3372
-0.3692
-0.4119
-0.1729
-0.2968
-0.4050
-0.3026
-0.2748
-0.3284
-0.3181
-0.3315
-0.3631
-0.3327
-0.3681
-0.3340
-0.2853
-0.3391
-0.3344
-0.3332
-0.3965
-0.4071
-0.4337
-0.4490
-0.3546
-0.3617
-0.3678
-0.2309
-0.1939
-0.2849
-0.2589
-0.2693
-0.4074
-0.3811
-0.4085
-0.3902
-0.2821
-0.3246
-0.3477
-0.3148
-0.3473
-0.4515
-0.3852
-0.3458
-0.3774
-0.4072
-0.3129
-0.2046
-0.1426
-0.2435
-0.1791
-0.1694
-0.2454
-0.0117
0.2415
0.3621
0.6269
0.5045
-0.0731
-0.2240
-0.2979
-0.3670
-0.3805
-0.3294
-0.2905
-0.2793
-0.2373
-0.2307
-0.2358
-0.2927
-0.1627
0.0332
0.0069
0.1519
0.2829
0.0714
-0.0146
-0.1597
-0.3221
-0.3004
-0.3628
-0.3893
-0.4155
-0.3894
-0.3840
-0.3078
-0.2398
-0.2828
-0.1757
-0.2815
-0.2934
-0.2663
-0.3353
-0.3408
-0.3132
-0.3325
-0.3257
-0.2354
-0.3449
-0.3362
-0.3039
-0.3643
-0.4226
-0.3138
-0.3371
-0.1825
-0.1119
-0.0596
0.0924
0.0226
0.0110
0.0582
-0.0547
-0.2184
-0.2444
-0.1913
-0.2010
-0.1383
-0.2248
-0.2128
-0.1259
-0.1685
-0.1805
-0.1321
