-0.5393
-0.4580
-0.3839
-0.3544
-0.3426
-0.3357
-0.4042
-0.4948
-0.5351
-0.5472
-0.5395
-0.5386
-0.5175
-0.4890
-0.5030
-0.5512
-0.5861
-0.5895
-0.5867
-0.6147
-0.6186
-0.6096
-0.5831
-0.5628
-0.5755
-0.5805
-0.6247
-0.6344
-0.6150
-0.5682
-0.5732
-0.5872
-0.6213
-0.6239
-0.6565
-0.6937
-0.7315
-0.7310
-0.7106
-0.6817
-0.6208
-0.5745
-0.5853
-0.6606
-0.7295
-0.6586
-0.6193
-0.6209
-0.6125
-0.5664
-0.5185
-0.5211
-0.4811
-0.4175
-0.3687
-0.3482
-0.3136
-0.2976
-0.2909
-0.3004
-0.2886
-0.3356
-0.3590
-0.3566
-0.3474
-0.3323
-0.3443
-0.3647
-0.3972
-0.3595
-0.3254
-0.2952
-0.2901
-0.2455
-0.2512
-0.2754
-0.2970
-0.2720
-0.2522
-0.2280
-0.1545
-0.0903
-0.0529
-0.0808
-0.1408
-0.1726
-0.2313
-0.2906
-0.3091
-0.2651
-0.2584
-0.2846
-0.2873
-0.2659
-0.2751
-0.2993
-0.2983
-0.2716
-0.2374
-0.2116
-0.1355
-0.0957
-0.0906
-0.1224
-0.1682
-0.1615
-0.1502
-0.1228
-0.1126
-0.0658
-0.0491
-0.0108
0.0478
0.0967
0.1128
0.1077
0.0824
0.1088
0.1152
0.1090
0.0877
0.0666
0.0242
-0.0112
0.0133
0.0500
0.0421
0.0107
0.0423
0.0794
0.0744
0.0558
0.0764
0.1574
0.1838
0.1896
0.2131
0.2402
0.2400
0.1983
0.2042
0.2454
0.2834
0.2957
0.2911
0.3546
0.3634
0.3547
0.3216
0.3223
0.3198
0.3270
0.3677
0.3772
0.3844
0.3614
0.3503
0.3777
0.3876
0.4085
0.4455
0.5140
0.5134
0.4901
0.4728
0.4631
0.4230
0.3811
0.4017
0.4356
0.4072
0.3473
0.3031
0.3033
0.3119
0.3409
0.3603
0.4213
0.5341
0.6415
0.6908
0.6683
0.5766
0.4651
0.4737
0.5114
0.5339
0.5370
0.5287
0.5185
0.4831
0.4791
0.5197
0.5709
0.6060
0.6038
0.6184
0.6453
0.6339
0.5443
0.4055
0.3577
0.3472
0.3588
0.3920
0.3454
0.2687
0.2729
0.3410
0.3916
0.3508
0.3225
0.3714
0.4030
0.3991
0.3726
0.3462
0.3197
0.3144
0.3381
0.3778
0.4255
0.4198
0.3944
0.3837
0.3762
0.3216
0.2914
0.3661
0.4638
0.5224
0.5445
0.5393
0.4837
0.4542
0.4271
0.3622
0.2924
0.2462
0.2785
0.3055
0.2998
0.2654
0.2186
0.2038
0.1440
0.0736
0.0668
0.1435
0.2107
0.1163
0.0606
0.0987
0.1834
0.2508
0.2267
0.2200
0.2551
0.3342
0.3545
0.3423
0.2896
0.2890
0.2839
0.2627
0.2075
0.0866
0.0116
-0.0602
-0.0916
-0.1116
-0.1310
-0.1140
-0.0866
-0.0790
-0.0796
-0.0917
-0.0473
-0.0827
-0.0906
-0.1110
-0.0938
-0.0918
-0.1084
-0.0921
-0.1377
-0.2055
-0.2600
-0.2292
-0.1856
-0.1933
-0.2046
-0.1903
-0.2042
-0.2473
-0.2653
-0.2734
-0.2966
-0.3087
-0.2868
-0.2313
-0.2296
-0.2426
-0.2646
-0.2573
-0.3199
-0.3722
-0.3665
-0.3210
-0.2802
-0.2921
-0.2906
-0.2784
-0.2570
-0.2607
-0.2673
-0.2330
-0.1477
-0.1231
-0.1142
-0.1507
-0.2198
-0.3809
-0.4604
-0.4898
-0.5330
-0.5635
-0.5238
-0.4376
-0.4266
-0.4710
-0.5101
-0.4793
-0.4729
-0.4578
-0.4340
-0.3902
-0.3963
-0.4428
-0.4310
-0.3932
-0.3293
-0.2626
-0.2484
-0.2877
-0.3513
-0.4007
-0.4616
-0.5130
-0.5457
-0.5392
-0.5218
-0.5350
-0.5667
-0.5840
-0.5973
-0.5865
-0.5503
-0.5678
-0.5903
