0.5939
0.3908
0.2217
0.0939
0.1587
0.1958
0.1417
0.2131
0.2715
0.2954
0.2129
0.1813
0.0426
-0.0102
-0.0008
0.0563
0.0246
-0.0251
-0.0916
-0.2447
-0.3481
-0.3032
-0.1902
-0.1565
-0.1542
-0.1628
-0.1512
-0.1440
-0.0533
-0.0047
-0.0164
-0.0446
-0.0872
-0.1087
-0.0403
-0.0201
-0.0676
-0.1346
-0.1031
0.0224
0.1144
0.1029
0.0135
-0.0921
-0.1164
-0.2165
-0.3025
-0.2661
-0.2400
-0.2033
-0.1515
-0.0268
0.0302
0.0314
-0.0255
-0.0721
-0.1356
-0.1487
-0.1518
-0.1978
-0.2503
-0.1515
-0.0994
-0.0892
-0.1396
-0.1433
-0.1278
0.0429
0.1327
0.1132
0.0574
-0.0072
-0.0032
-0.0302
-0.0069
-0.0320
-0.0950
-0.1944
-0.0903
-0.0124
0.1117
0.1807
0.2318
0.1804
0.1977
0.2085
0.2043
0.3265
0.4271
0.4095
0.3294
0.2890
0.2343
0.2115
0.1240
0.0423
-0.0445
-0.0834
-0.1438
-0.1415
-0.1999
-0.2036
-0.1693
-0.1448
-0.1863
-0.1716
-0.0679
0.0484
0.0980
0.0727
-0.0273
-0.1676
-0.2184
-0.2357
-0.2027
-0.1472
-0.0928
-0.1098
-0.1134
-0.1050
-0.0307
0.0276
0.1215
0.1089
0.0356
-0.0584
-0.1404
-0.0958
0.0008
-0.0369
-0.0885
-0.1233
-0.0987
0.0261
0.0600
0.0252
-0.0357
-0.0239
-0.0948
-0.1789
-0.2271
-0.1945
-0.0839
-0.0266
-0.0635
-0.0957
-0.0220
0.1185
0.2038
0.1881
0.0176
-0.1414
-0.2308
-0.3304
-0.3404
-0.3226
-0.1014
-0.0097
0.0372
-0.0060
0.0434
0.0823
0.0944
0.0951
0.1101
0.1987
0.2589
0.3462
0.3359
0.2678
0.1842
0.0893
0.0882
0.0830
0.0655
-0.0207
-0.0482
-0.0385
0.0124
0.0468
0.1034
0.1277
0.1868
0.1566
0.0924
0.0791
0.0307
-0.0098
-0.0396
-0.0551
-0.0572
-0.0715
-0.0251
-0.0535
-0.0471
-0.0766
-0.0606
-0.0311
-0.0118
-0.0760
-0.0307
0.0028
0.0028
-0.0121
-0.0177
-0.0875
-0.0925
-0.1272
-0.0869
-0.0167
0.0293
-0.0514
-0.1200
-0.1109
-0.0960
-0.1407
-0.2345
-0.2092
-0.1206
-0.0545
-0.0388
0.0013
0.1049
0.0780
0.0488
0.0494
0.0561
0.0636
0.1400
0.1395
0.0482
0.0215
0.0652
0.0379
-0.0278
-0.0861
-0.0004
0.1040
0.2168
0.1665
0.2096
0.2359
0.3109
0.3964
0.4456
0.3979
0.3875
0.3516
0.3209
0.2481
0.1757
0.2947
0.4170
0.3622
0.1884
0.0479
-0.0416
-0.1036
-0.0413
0.0912
0.2005
0.3073
0.2428
0.1658
0.0877
0.1324
0.1383
0.1450
0.2338
0.3847
0.3702
0.1887
-0.1049
-0.2119
-0.2745
-0.2670
-0.2412
-0.1682
-0.1137
-0.0171
0.0956
0.1339
0.0906
-0.0137
0.0103
-0.0347
-0.0504
-0.0470
0.0140
0.0270
0.0115
-0.0303
-0.0353
0.0130
0.0187
-0.0611
-0.1295
-0.1985
-0.1689
-0.1301
-0.1700
-0.2060
-0.2079
-0.1993
-0.2286
-0.1858
-0.1099
-0.0795
-0.0763
-0.0422
0.0051
-0.0357
-0.2194
-0.3325
-0.3170
-0.2480
-0.2791
-0.2861
-0.1944
-0.1704
-0.0909
0.0201
0.1560
0.1237
0.0826
0.0409
-0.0263
-0.0571
-0.0809
-0.0937
-0.0609
0.0025
-0.0416
-0.0347
-0.0400
-0.1515
-0.2741
-0.2904
-0.0701
0.0635
0.1376
0.1876
0.1977
0.2524
0.2857
0.2794
0.3165
0.3208
0.3163
0.3186
0.3074
0.2551
0.0853
-0.0815
-0.2075
-0.3096
-0.3024
-0.2230
-0.1691
-0.1575
