-0.2258
-0.1701
-0.1078
0.0000
0.1364
0.2049
0.2190
0.2407
0.2755
0.2887
0.2213
0.0829
-0.0865
-0.0878
-0.1141
-0.2010
-0.2619
-0.2020
-0.1013
0.0203
0.1155
0.1696
0.2134
0.2889
0.3404
0.3570
0.3248
0.2256
0.0658
0.0330
0.0881
0.0705
0.0361
-0.1414
-0.3512
-0.3896
-0.3125
-0.2008
-0.1059
0.1216
0.2325
0.3284
0.3214
0.3429
0.3135
0.2791
0.2015
0.1520
0.1377
0.1261
-0.0166
-0.1355
-0.1484
-0.1395
-0.1547
-0.2346
-0.2428
-0.2441
-0.2070
-0.1427
-0.0729
-0.0713
-0.0145
0.1665
0.3808
0.5155
0.5267
0.4380
0.4916
0.5981
0.6443
0.5275
0.3932
0.1429
-0.0271
-0.1718
-0.2084
-0.1479
-0.0166
0.0290
0.0691
0.1728
0.2912
0.3916
0.4275
0.4323
0.4195
0.4029
0.3755
0.2708
0.1305
0.0126
-0.0505
-0.0747
-0.1345
-0.2831
-0.2743
-0.2174
-0.0587
0.0964
0.2777
0.3014
0.3019
0.2529
0.2340
0.2548
0.2063
0.0821
-0.0212
-0.0495
-0.0300
-0.1177
-0.2143
-0.2940
-0.3483
-0.3821
-0.3732
-0.2886
-0.2177
-0.1135
-0.0452
-0.0127
-0.0528
-0.1064
-0.1810
-0.2400
-0.2208
-0.1460
0.0124
0.0285
-0.0464
-0.1451
-0.2171
-0.2365
-0.2480
-0.2350
-0.1446
-0.0600
-0.0196
0.0599
0.1287
0.1765
0.2958
0.4415
0.5462
0.6600
0.6614
0.5841
0.4621
0.3665
0.2419
0.1653
0.0612
-0.0817
-0.1759
-0.2199
-0.2071
-0.1526
-0.0636
0.0436
0.1452
0.2475
0.2891
0.3102
0.3213
0.3243
0.2789
0.0710
-0.0318
-0.0386
-0.0668
-0.1346
-0.2678
-0.3298
-0.3657
-0.3727
-0.3751
-0.3735
-0.3036
-0.2180
-0.1252
-0.0913
-0.1038
-0.0668
-0.0020
0.0015
-0.0723
-0.1062
-0.0794
-0.0951
-0.2395
-0.3334
-0.3477
-0.3483
-0.3399
-0.2992
-0.2922
-0.3097
-0.3226
-0.3469
-0.3522
-0.2663
-0.1379
-0.0336
0.0401
0.0504
0.0563
0.0480
0.0408
0.0328
0.0123
-0.0272
-0.1059
-0.1733
-0.2470
-0.2608
-0.1761
-0.0528
0.0134
0.0890
0.2238
0.4103
0.6542
0.7090
0.7213
0.7224
0.6460
0.5262
0.3926
0.3235
0.1624
0.0356
-0.0450
-0.1675
-0.2771
-0.2876
-0.2203
-0.1438
-0.0802
-0.0095
0.0173
0.0530
0.0786
0.1030
0.1419
0.1355
0.0418
-0.0619
-0.1425
-0.1536
-0.1945
-0.2147
-0.2857
-0.3216
-0.3482
-0.4019
-0.4403
-0.4491
-0.4175
-0.3796
-0.3410
-0.3067
-0.3044
-0.2831
-0.2564
-0.1741
-0.0569
0.0504
0.1063
0.1081
0.0464
-0.0202
-0.1582
-0.2449
-0.3477
-0.3707
-0.3464
-0.2324
-0.1953
-0.1850
-0.1337
-0.0023
0.1261
0.2340
0.2954
0.3012
0.2357
0.1588
0.0928
0.0457
-0.0054
-0.0506
-0.1563
-0.2321
-0.2981
-0.2802
-0.2174
-0.1181
0.0145
0.1552
0.3634
0.5173
0.6160
0.6224
0.5722
0.4370
0.3135
0.1758
0.0690
-0.0146
-0.0511
-0.0336
-0.0958
-0.1560
-0.2752
-0.3196
-0.3311
-0.2887
-0.2460
-0.1700
-0.1493
-0.1595
-0.1876
-0.1589
-0.0692
0.0195
0.0716
0.0765
0.1029
0.0488
-0.0473
-0.1414
-0.2240
-0.2811
-0.2945
-0.3441
-0.3568
-0.3450
-0.3010
-0.2569
