0.4655
0.3805
0.2981
0.2423
0.1970
0.1952
0.1049
0.0388
-0.0507
-0.1100
-0.1603
-0.1861
-0.2133
-0.1563
-0.0865
-0.0090
0.1099
0.3914
0.5410
0.5661
0.4911
0.4038
0.3793
0.2467
0.0676
-0.1619
-0.3231
-0.4371
-0.4740
-0.4879
-0.4848
-0.4320
-0.3539
-0.2405
-0.1492
-0.0380
0.1271
0.3294
0.4046
0.3890
0.3794
0.3520
0.3056
0.1844
0.0628
-0.0937
-0.1806
-0.2965
-0.4082
-0.4577
-0.4726
-0.4420
-0.3924
-0.3328
-0.2428
-0.1214
0.1285
0.2658
0.3889
0.4716
0.5493
0.5732
0.5774
0.4536
0.2997
0.0849
-0.0229
-0.1311
-0.1903
-0.2297
-0.2368
-0.2299
-0.2121
-0.0772
0.0630
0.2264
0.3826
0.5657
0.7530
0.7936
0.7452
0.6657
0.5819
0.4381
0.1514
-0.0155
-0.1379
-0.2520
-0.2876
-0.3066
-0.3238
-0.3552
-0.2747
-0.1915
-0.1377
-0.1094
-0.0001
0.1789
0.3115
0.3427
0.2606
0.2267
0.2153
0.1230
-0.0551
-0.2791
-0.4602
-0.5004
-0.5267
-0.5159
-0.5165
-0.5172
-0.5097
-0.4129
-0.2896
-0.1692
-0.0707
0.1126
0.2377
0.3235
0.3371
0.3230
0.3152
0.2726
0.1747
0.0611
-0.0799
-0.2576
-0.4317
-0.4864
-0.4893
-0.4735
-0.3482
-0.1225
-0.0017
0.0923
0.2399
0.4393
0.6312
0.7774
0.6829
0.5453
0.4129
0.2675
0.0989
-0.0392
-0.0305
-0.0608
-0.1257
-0.1526
-0.1489
-0.1582
-0.1314
-0.0072
0.1470
0.2563
0.3816
0.5697
0.6534
0.6298
0.5399
0.4728
0.3854
0.2893
0.1617
0.0427
-0.0777
-0.1741
-0.2417
-0.2682
-0.3083
-0.3478
-0.4124
-0.4240
-0.4127
-0.3526
-0.2299
-0.0478
0.1809
0.2182
0.2251
0.2048
0.1747
0.0082
-0.1619
-0.3316
-0.4071
-0.4569
-0.5027
-0.5395
-0.5333
-0.5254
-0.4548
-0.3535
-0.1687
-0.0525
0.0415
0.1611
0.2950
0.4044
0.3734
0.2819
0.2081
0.2170
0.2294
0.0982
-0.0175
-0.0753
-0.1311
-0.1949
-0.2262
-0.2390
-0.1051
0.0627
0.1765
0.3079
0.5034
0.7599
0.8256
0.8205
0.7387
0.5926
0.4101
0.2298
-0.0128
-0.2212
-0.3196
-0.3282
-0.3655
-0.3960
-0.4029
-0.3974
-0.3560
-0.2570
-0.1441
-0.0346
0.0455
0.1052
0.1900
0.2794
0.2398
0.1549
0.0853
0.0438
-0.1179
-0.2746
-0.4157
-0.4939
-0.5562
-0.5687
-0.5776
-0.5711
-0.5288
-0.4308
-0.3508
-0.2567
-0.1964
-0.0947
0.0506
0.2271
0.3498
0.3279
0.2543
0.1855
0.1291
0.0254
-0.1268
-0.2063
-0.2982
-0.3890
-0.4016
-0.3553
-0.1801
-0.0518
0.0994
0.2307
0.3275
0.5013
0.6090
0.6959
0.6513
0.5608
0.3951
0.2034
0.0851
0.0019
-0.0807
-0.1411
-0.2057
-0.2099
-0.2035
-0.1767
-0.1320
-0.0340
0.1057
0.2636
0.3849
0.4738
0.4687
0.4468
0.3555
0.2529
0.0888
-0.0684
-0.1852
-0.2743
-0.3932
-0.4921
-0.5548
-0.5600
-0.5251
-0.4846
-0.4500
-0.4076
-0.3303
-0.2342
-0.0457
0.1011
0.2436
0.3483
0.3896
0.4208
0.4048
0.2747
0.0265
-0.1632
-0.3206
-0.4841
-0.5584
-0.5557
-0.5240
-0.4695
-0.3990
-0.2523
-0.1289
0.0034
0.1383
0.2589
0.3812
0.4277
0.4081
0.2784
0.1180
0.0679
0.1393
0.1213
0.0270
-0.0757
-0.1455
-0.2560
-0.2775
-0.2477
-0.1660
-0.0798
0.0434
0.2808
0.4410
0.5446
0.5312
0.4488
