0.0935
-0.0111
-0.1007
-0.1558
-0.1398
-0.1065
-0.0855
-0.0751
-0.0326
0.0317
0.0935
0.1194
0.1917
0.1836
0.1689
0.1556
0.1162
0.0537
0.0227
0.0167
0.0231
0.0303
0.0078
-0.0744
-0.1150
-0.1070
-0.0802
-0.0496
-0.0519
-0.0305
-0.0078
0.0214
0.0728
0.1586
0.1910
0.1589
0.1125
0.1231
0.1358
0.0348
-0.0256
-0.0229
-0.0220
-0.0118
-0.0081
-0.0611
-0.1111
-0.1211
-0.1233
-0.1181
-0.1024
-0.1042
-0.1213
-0.1365
-0.1213
-0.0904
-0.0199
0.0273
0.1300
0.2025
0.2210
0.1619
0.1120
0.0689
0.0207
-0.0402
-0.0688
0.0427
0.1463
0.1931
0.1950
0.1778
0.1549
0.1136
0.0700
0.0628
0.0859
0.0939
0.0441
-0.0469
-0.1248
-0.1669
-0.1766
-0.1355
0.0166
0.0410
0.0201
0.0187
0.0316
0.0040
-0.0052
-0.0088
-0.0198
-0.0115
0.0049
0.0034
-0.0300
-0.0510
-0.0220
0.0288
0.0330
0.0134
-0.0422
-0.0637
-0.0364
0.0382
0.0582
0.0466
0.0474
0.0718
0.0843
0.1280
0.1654
0.1972
0.1924
0.1701
0.1619
0.1075
0.0511
0.0060
-0.0380
-0.0607
-0.0829
-0.1232
-0.1237
-0.1275
-0.1368
-0.1661
-0.1130
-0.0527
-0.0332
-0.0394
-0.0623
-0.0313
-0.0267
-0.0631
-0.1330
-0.1430
-0.0510
0.1984
0.2487
0.2189
0.1254
0.0064
-0.1360
-0.1884
-0.1641
-0.1282
-0.0827
-0.0218
-0.0482
-0.0856
-0.1077
-0.0990
-0.0741
-0.0466
-0.0123
-0.0313
-0.0858
-0.1194
-0.1102
-0.1180
-0.1054
-0.0991
-0.0607
-0.0574
-0.0573
-0.0746
-0.0850
-0.0956
-0.1276
-0.1104
-0.0612
-0.0398
-0.0311
-0.0529
-0.1276
-0.1786
-0.1301
-0.0476
-0.0332
-0.0718
-0.0882
-0.0328
0.0256
0.0506
0.0680
0.1102
0.2244
0.4248
0.4646
0.4698
0.4379
0.3635
0.2290
0.1291
0.0963
0.1399
0.2335
0.2938
0.2716
0.1849
0.0688
-0.0581
-0.1647
-0.2171
-0.1742
-0.1355
-0.1198
-0.1125
-0.1201
-0.1130
-0.0748
-0.0441
-0.0198
-0.0480
-0.1019
-0.1644
-0.1132
-0.0760
-0.0641
-0.1026
-0.1047
-0.1185
-0.1214
-0.1372
-0.1214
-0.1485
-0.1304
-0.1196
-0.1429
-0.1955
-0.2208
-0.2104
-0.2139
-0.2603
-0.2686
-0.2032
-0.1344
-0.1110
-0.0895
-0.0213
-0.0129
-0.0321
-0.1021
-0.1067
-0.0927
-0.0855
-0.0971
-0.0709
-0.0426
-0.0437
-0.0308
0.0139
0.0256
-0.0490
-0.0949
-0.1403
-0.1105
-0.0971
-0.0756
-0.1096
-0.0782
-0.0423
0.0130
0.0551
0.1522
0.2524
0.4254
0.5745
0.6235
0.5599
0.5350
0.4962
0.3847
0.2364
0.1558
0.1550
0.1332
0.0699
0.0048
-0.0133
-0.0526
-0.1130
-0.1289
-0.1213
-0.0841
-0.0356
-0.0051
0.0987
0.1504
0.1532
0.1104
0.1071
0.1542
0.1037
0.0122
-0.0694
-0.0364
-0.0208
-0.0016
-0.0186
-0.0267
-0.0404
-0.0497
-0.0823
-0.1074
-0.1101
-0.1466
-0.1753
-0.1815
-0.1618
-0.1239
-0.1096
-0.1349
-0.1709
-0.1372
-0.0906
-0.0568
-0.0575
-0.0636
-0.0122
0.0275
0.0269
0.0510
0.0443
0.0320
0.0348
0.0614
0.0661
0.0727
0.1028
0.0993
0.0926
0.0762
0.0423
0.0073
-0.0323
-0.0229
-0.0495
-0.1075
-0.1494
-0.1251
-0.0781
0.0068
0.0613
0.0657
0.0496
0.0464
0.1227
0.1740
0.2008
0.2048
0.1936
0.1548
0.1315
0.1485
0.1091
0.0315
-0.0334
