0.2922
0.3749
0.4398
0.4723
0.4385
0.3913
0.2960
0.2680
0.2581
0.1542
0.0619
0.0111
0.0365
0.0467
-0.0174
-0.1302
-0.1642
-0.1200
-0.0613
-0.0365
-0.0520
-0.0358
-0.0030
-0.0188
-0.1189
-0.1485
-0.1560
-0.1405
-0.1570
-0.2229
-0.2530
-0.2132
-0.1626
-0.1469
-0.1443
-0.1289
-0.1164
-0.0854
-0.0987
-0.1010
-0.0984
-0.0856
-0.0709
-0.0648
-0.1113
-0.1458
-0.1303
-0.1166
-0.1222
-0.1771
-0.2188
-0.1842
-0.1466
-0.1219
-0.1290
-0.1402
-0.1037
-0.0642
-0.0701
-0.0530
-0.0271
0.0750
0.0963
0.0827
0.0300
0.0301
0.0565
0.0198
-0.0492
-0.1328
-0.1606
-0.1443
-0.1203
-0.1545
-0.1571
-0.1060
-0.0424
0.0328
0.1983
0.3521
0.4845
0.5086
0.4912
0.4820
0.3594
0.2036
0.0858
0.0200
0.0144
0.0139
-0.0254
-0.0120
-0.0069
0.0056
0.0032
0.0097
-0.0134
-0.0162
-0.0416
-0.0537
-0.0872
-0.1074
-0.1313
-0.1466
-0.1959
-0.2293
-0.2173
-0.1940
-0.1877
-0.1817
-0.1560
-0.1253
-0.1356
-0.1581
-0.0977
-0.0450
-0.0253
-0.0514
-0.0402
-0.0883
-0.1293
-0.1620
-0.1336
-0.1191
-0.1082
-0.1225
-0.1336
-0.1461
-0.1397
-0.1305
-0.1635
-0.1628
-0.1232
-0.1134
-0.1024
-0.0978
-0.0743
-0.0354
0.0119
0.0259
0.0459
0.0714
0.0691
0.0713
0.0633
0.0688
0.0653
0.0300
-0.0002
0.0314
0.0901
0.0322
-0.0757
-0.1529
-0.1091
-0.0322
-0.0167
0.0152
0.1379
0.2125
0.2329
0.2017
0.2040
0.1608
0.1335
0.0597
-0.0063
-0.0552
-0.0756
-0.0400
-0.0614
-0.0655
-0.0219
-0.0314
-0.0764
-0.0567
-0.0155
0.0466
0.1050
0.1088
0.0705
0.0534
0.0545
0.0218
0.0334
0.0263
0.0095
-0.0286
-0.0651
-0.0524
-0.0771
-0.1619
-0.2300
-0.2590
-0.1797
-0.1133
-0.1120
-0.1173
-0.0948
-0.1030
-0.1332
-0.1132
-0.0742
-0.1104
-0.1242
-0.1463
-0.1288
-0.0932
-0.0505
-0.0376
-0.0930
-0.1299
-0.1170
-0.1237
-0.1830
-0.1813
-0.0981
0.0030
0.0254
0.0726
0.1071
0.1160
0.0677
0.0306
-0.0008
-0.0446
-0.0947
-0.1109
-0.0393
0.0092
0.0060
-0.0959
-0.1587
-0.1187
-0.0268
0.0372
0.0882
0.0951
0.0518
-0.0346
-0.0712
-0.0737
-0.0756
-0.1130
-0.1473
-0.1622
-0.1794
-0.1968
-0.1623
-0.1120
-0.1225
-0.1068
-0.0543
-0.0304
-0.0843
-0.1392
-0.0948
-0.0431
-0.0005
0.0896
0.1558
0.2514
0.2978
0.3520
0.3930
0.4118
0.2594
0.1663
0.1522
0.1543
0.0669
-0.0744
-0.1777
-0.1820
-0.2033
-0.2147
-0.2072
-0.1225
-0.0963
-0.0685
-0.0774
-0.0762
-0.0481
-0.0305
-0.0280
-0.0266
-0.0592
-0.0719
-0.0225
0.0532
0.0288
-0.0276
-0.0630
-0.1182
-0.1815
-0.2141
-0.1494
-0.1149
-0.1179
-0.1294
-0.1522
-0.1771
-0.2264
-0.1779
-0.1556
-0.1385
-0.1441
-0.1101
-0.0669
-0.0569
-0.0927
-0.1485
-0.1383
-0.1169
-0.0718
-0.0402
0.0285
0.0472
0.0043
-0.0186
0.0198
0.0900
0.1445
0.1273
0.0730
0.0306
-0.0100
-0.0929
-0.1227
-0.1463
-0.1381
-0.0618
0.0068
-0.0672
-0.1432
-0.1822
-0.1214
-0.0098
0.1814
0.2575
0.3331
0.3711
0.3783
0.4118
0.3600
0.3005
0.2426
0.2220
0.2165
0.1857
0.1167
0.0547
0.0706
0.0464
0.0126
-0.0637
-0.0819
-0.0714
-0.0383
-0.0045
