-0.0173
0.1097
0.2330
0.3488
0.4015
0.3917
0.2303
0.1173
0.0964
0.0844
0.0429
-0.0292
-0.0619
-0.0393
-0.0043
0.0060
0.0295
0.1075
0.1539
0.1905
0.2407
0.2817
0.3089
0.3743
0.4155
0.4104
0.3752
0.3463
0.4795
0.6838
0.9260
1.0838
0.9795
0.6234
0.0087
-0.2048
-0.3005
-0.3570
-0.4061
-0.4828
-0.5172
-0.5333
-0.5795
-0.6028
-0.6002
-0.5895
-0.5919
-0.5761
-0.5380
-0.5054
-0.4623
-0.4355
-0.4473
-0.4828
-0.5204
-0.5395
-0.5602
-0.5896
-0.6222
-0.6583
-0.6762
-0.6818
-0.6610
-0.6525
-0.6634
-0.6975
-0.7159
-0.6668
-0.5802
-0.5477
-0.5481
-0.5753
-0.5616
-0.5250
-0.4926
-0.4817
-0.4628
-0.4390
-0.3428
-0.2737
-0.2554
-0.2477
-0.2507
-0.2647
-0.3221
-0.3858
-0.4472
-0.4533
-0.3926
-0.2199
-0.0719
0.1247
0.2395
0.1736
-0.0400
-0.2714
-0.3315
-0.3415
-0.3240
-0.2414
-0.1087
-0.0581
-0.0252
0.0418
0.1073
0.1378
0.1625
0.2181
0.3277
0.4790
0.5602
0.4376
0.3192
0.2449
0.1570
0.0549
-0.0467
-0.1897
-0.2799
-0.3748
-0.4637
-0.5123
-0.5517
-0.5772
-0.5907
-0.5845
-0.5746
-0.5228
-0.4889
-0.4936
-0.4922
-0.4545
-0.4085
-0.2944
-0.1705
-0.1256
-0.2181
-0.3996
-0.5276
-0.5047
-0.4942
-0.5067
-0.5644
-0.5954
-0.6085
-0.5895
-0.6128
-0.6585
-0.6652
-0.6214
-0.5098
-0.4369
-0.3230
-0.2717
-0.3172
-0.3924
-0.3738
-0.3067
-0.2302
-0.1511
-0.0493
0.0920
0.1507
0.1192
0.0618
0.0524
0.0768
0.1152
0.1092
0.1687
0.2766
0.3230
0.1136
-0.0396
-0.0904
-0.1145
-0.1453
-0.1618
-0.1405
-0.1563
-0.1141
-0.0469
0.0094
0.0909
0.1609
0.2404
0.3090
0.4077
0.4939
0.5080
0.4485
0.4035
0.3896
0.3678
0.3037
0.3067
0.3179
0.3208
0.3000
0.3355
0.4040
0.4227
0.4259
0.4204
0.4043
0.3998
0.3603
0.2630
0.2096
0.2523
0.3803
0.5698
0.7086
0.8379
0.8091
0.5665
0.3080
0.3408
0.4606
0.4154
0.2552
0.1008
0.0069
-0.0822
-0.1710
-0.2062
-0.1849
-0.1203
0.0390
0.0767
0.0428
-0.0359
-0.0958
-0.1698
-0.2153
-0.2546
-0.2867
-0.2269
-0.0376
0.2436
0.2657
0.1743
0.1026
0.0798
0.1288
0.1756
0.1675
0.1537
0.1946
0.2577
0.2181
0.0899
0.0042
-0.0817
-0.1389
-0.1826
-0.1274
-0.0756
-0.0623
-0.0530
-0.0146
0.0413
0.0994
0.1869
0.2678
0.3931
0.5801
0.5917
0.5149
0.4433
0.3921
0.3596
0.3483
0.3709
0.3874
0.4081
0.4686
0.5710
0.5809
0.6259
0.7206
0.7893
0.8222
0.7789
0.7482
0.6845
0.5806
0.4697
0.3757
0.4638
0.5754
0.7118
0.7570
0.6212
0.2929
0.1194
-0.0078
-0.0728
-0.0323
0.0123
-0.0759
-0.1416
-0.1385
-0.0730
-0.0511
-0.0246
-0.0175
0.0215
0.0608
0.0986
0.1147
0.0808
0.0881
0.0348
-0.0553
-0.0983
0.0980
0.2202
0.1893
0.1042
0.0891
0.1729
0.2168
0.1926
0.1605
0.1583
0.1938
0.2695
0.2451
0.2038
0.1880
0.1749
0.1102
0.0301
0.0193
0.0335
-0.0191
-0.0711
0.0025
0.1546
0.2540
0.2645
0.2834
0.3507
0.3891
0.2560
0.1111
0.0266
0.0064
-0.0530
-0.0511
-0.0045
0.0804
0.1302
0.0893
0.0081
0.0599
0.1462
0.2072
0.2707
