-0.1809
-0.1459
-0.1206
-0.1090
-0.1500
-0.1983
-0.2274
-0.2534
-0.2911
-0.3025
-0.2588
-0.2048
-0.1718
-0.1845
-0.1981
-0.1993
-0.1497
-0.0348
-0.0422
-0.1366
-0.2186
-0.2119
-0.1431
-0.1181
-0.1781
-0.2191
-0.1971
-0.1462
-0.1318
-0.1129
-0.1087
-0.0563
-0.0108
0.0173
0.0367
0.1322
0.2636
0.3141
0.2056
0.0375
-0.0704
-0.0909
-0.0803
-0.0574
-0.1197
-0.1565
-0.1636
-0.2131
-0.2506
-0.2097
0.0397
0.1303
0.1363
0.1272
0.1814
0.2421
0.3940
0.4627
0.4220
0.2586
0.1275
0.0225
-0.0473
-0.0978
-0.1271
-0.1623
-0.1625
-0.1194
-0.1475
-0.1756
-0.2035
-0.1219
-0.0437
0.0335
0.0805
0.1496
0.1973
0.2049
0.0485
-0.0556
-0.1184
-0.0672
-0.0034
0.0282
-0.0976
-0.1775
-0.2459
-0.2985
-0.3019
-0.2324
-0.1558
-0.1256
-0.1374
-0.1956
-0.1916
-0.1872
-0.0465
0.0877
0.1399
0.0393
-0.0883
-0.0961
-0.1173
-0.1134
-0.1294
-0.1419
-0.1236
-0.0829
-0.1038
-0.1529
-0.2696
-0.2186
-0.0870
0.0709
0.1253
0.1781
0.2236
0.1137
-0.0510
-0.1657
-0.2002
-0.1727
-0.1283
-0.1429
-0.1983
-0.2230
-0.2600
-0.3221
-0.2817
-0.1547
0.0152
0.1368
0.2293
0.2976
0.3361
0.3508
0.3882
0.3818
0.3771
0.2785
0.2147
0.1729
0.1313
0.1309
0.0999
0.0120
-0.0509
-0.0715
-0.0791
-0.0877
-0.2083
-0.2065
-0.1632
-0.0852
-0.0098
0.1351
0.3995
0.4123
0.3854
0.2846
0.2324
0.1490
0.0608
-0.0561
-0.1835
-0.2441
-0.2650
-0.2834
-0.2758
-0.2956
-0.2962
-0.2505
-0.0677
-0.0070
0.0111
0.0262
0.1212
0.1557
0.0223
-0.1185
-0.1646
-0.1319
-0.1423
-0.1350
-0.1656
-0.1555
-0.1161
-0.0311
0.0094
-0.0981
-0.1569
-0.1683
-0.0808
-0.0203
0.0319
0.0688
0.1455
0.0843
0.0217
-0.1278
-0.1948
-0.1385
-0.1054
-0.1434
-0.2010
-0.2115
-0.2638
-0.3068
-0.2884
-0.2361
-0.1342
0.0985
0.2095
0.3279
0.3727
0.4648
0.5028
0.3917
0.2262
0.0947
0.0287
0.0676
0.1112
0.1494
0.1267
0.1080
0.0170
-0.0216
-0.0317
-0.1144
-0.1450
-0.1230
-0.0218
0.1229
0.2355
0.3491
0.5124
0.4741
0.3943
0.1564
0.1153
0.0904
0.0262
-0.0814
-0.1656
-0.1414
-0.1588
-0.1986
-0.2018
-0.2050
-0.0703
0.1738
0.2549
0.2377
0.1606
0.2674
0.2650
0.1617
0.0190
-0.0868
-0.1411
-0.1332
-0.1530
-0.1778
-0.2216
-0.1791
-0.0686
-0.0620
-0.0569
-0.1137
-0.0879
-0.0839
-0.0335
-0.0401
0.0055
0.0236
0.0815
-0.0718
-0.1430
-0.1689
-0.1084
-0.0671
-0.0952
-0.1954
-0.2341
-0.2244
-0.2284
-0.2483
-0.2310
-0.1350
-0.1038
-0.0850
-0.1040
-0.0489
0.0547
0.1839
0.2888
0.3029
0.2510
0.1835
0.1871
0.1679
0.1285
0.0257
-0.0593
-0.1672
-0.1844
-0.1877
-0.1221
-0.0807
-0.0125
0.1019
0.2026
0.2493
0.2924
0.3070
0.3708
0.2850
0.1936
0.1224
0.1053
0.1197
0.0848
0.0209
-0.0574
-0.0888
-0.1249
-0.1327
-0.0891
0.0610
0.2531
0.3951
0.2907
0.1187
0.1423
0.2408
0.3127
0.3506
0.3215
0.1873
