0.5710
0.4574
0.3503
0.1943
0.0752
-0.0234
-0.0026
-0.0625
-0.2086
-0.3165
-0.3305
-0.2947
-0.2311
-0.1798
-0.0785
0.0267
0.0755
0.1096
0.1338
0.1594
0.1238
0.0470
-0.0350
0.0907
0.2918
0.3811
0.3458
0.2307
0.0349
-0.1419
-0.2948
-0.3751
-0.3178
-0.2367
-0.2116
-0.2540
-0.1755
-0.1069
-0.0309
-0.1145
-0.1439
-0.1644
-0.1052
-0.0020
0.1080
0.1485
0.0680
-0.0269
-0.1374
-0.2288
-0.3190
-0.3492
-0.3469
-0.3121
-0.2454
-0.1473
-0.0195
0.0698
0.1783
0.2884
0.3862
0.4876
0.5035
0.3724
0.1412
-0.1275
-0.2544
-0.3024
-0.3488
-0.3920
-0.4009
-0.3327
-0.2482
-0.0953
0.0226
0.1328
0.1840
0.1502
0.2113
0.2668
0.3243
0.3289
0.4420
0.5906
0.7699
0.7277
0.5551
0.3575
0.1998
0.0609
-0.0509
-0.1232
-0.0664
0.0396
0.1958
0.3988
0.5068
0.4783
0.3325
0.1627
0.0511
0.1661
0.3163
0.4554
0.4889
0.4766
0.3898
0.2893
0.1436
0.0449
-0.0283
-0.1060
-0.1090
-0.0691
-0.0531
-0.0770
-0.0243
0.1012
0.1326
0.0416
0.0124
0.0393
0.1617
0.1642
0.1544
0.0872
0.0546
-0.0042
-0.1228
-0.2031
-0.1472
-0.0821
-0.0295
0.0259
0.0537
0.1588
0.2692
0.3600
0.3610
0.3657
0.3977
0.4002
0.2759
0.0922
-0.0767
-0.2063
-0.2864
-0.3472
-0.3759
-0.3785
-0.3193
-0.2134
-0.1752
-0.1569
-0.1659
-0.1419
-0.0366
-0.0055
-0.0412
-0.1147
-0.1229
0.0405
0.2998
0.5498
0.7814
0.8516
0.7825
0.4724
0.3294
0.1541
0.0159
-0.1246
-0.1767
-0.1580
-0.0860
0.0280
0.1109
0.1012
-0.0781
-0.1009
-0.0304
0.1265
0.2881
0.4016
0.4195
0.3684
0.2191
-0.0198
-0.1921
-0.3109
-0.3534
-0.3708
-0.4219
-0.4547
-0.3807
-0.2582
-0.1240
-0.0306
-0.0057
0.0399
0.1967
0.2230
0.2167
0.1946
0.0911
-0.1583
-0.3202
-0.4079
-0.4345
-0.4004
-0.3237
-0.2702
-0.1923
-0.0745
0.0413
0.1566
0.2333
0.2171
0.0903
0.0023
0.0130
0.1295
0.2223
0.2573
0.2490
0.2104
0.1076
-0.0297
-0.1507
-0.2523
-0.3694
-0.4085
-0.4028
-0.3150
-0.2738
-0.1946
-0.1382
-0.0877
-0.1145
-0.1737
-0.1027
0.0799
0.3092
0.4919
0.5038
0.4239
0.3211
0.1762
-0.0003
-0.1413
-0.2711
-0.3136
-0.2986
-0.2219
-0.1515
0.0161
0.0904
0.0918
0.0462
0.0569
0.1366
0.1642
0.1169
0.0339
-0.0891
-0.2254
-0.3892
-0.4411
-0.4811
-0.4825
-0.4893
-0.4668
-0.3970
-0.3135
-0.2592
-0.2403
-0.2395
-0.1808
-0.1295
-0.0977
-0.0794
-0.1176
-0.1586
-0.1705
-0.2178
-0.2887
-0.3114
-0.3164
-0.3275
-0.3581
-0.2975
-0.2381
-0.0925
0.0331
0.1672
0.3026
0.3477
0.2392
0.0539
-0.0652
-0.0506
-0.0265
0.0071
0.0449
0.1084
0.2149
0.1593
0.0346
-0.0999
-0.1676
-0.2381
-0.3303
-0.3503
-0.2848
-0.2652
-0.2513
-0.1830
-0.0469
0.1095
0.1853
0.2566
0.3057
0.3995
0.4409
0.4010
0.2188
0.0274
-0.1965
-0.3112
-0.4237
-0.4342
-0.4094
-0.3411
-0.1902
-0.0644
0.0760
0.1854
0.2807
0.4464
0.4722
0.4545
0.4056
0.2962
0.1605
0.0106
-0.0729
-0.1892
-0.2453
-0.2368
-0.2930
-0.3046
-0.2450
-0.1073
-0.0153
-0.0216
-0.0876
-0.0498
0.0756
0.1444
0.1232
