-0.2553
-0.2132
-0.1599
-0.0582
0.0878
0.2143
0.2190
0.2120
0.1919
0.1912
0.1880
0.2584
0.2479
0.1415
0.0187
-0.0608
-0.1809
-0.3905
-0.4511
-0.4791
-0.4727
-0.4380
-0.3360
-0.2212
-0.1427
0.0149
0.2350
0.4762
0.7892
0.9893
1.1560
1.2551
1.2768
1.1554
0.7807
0.5006
0.2002
-0.0735
-0.3173
-0.5291
-0.5607
-0.5075
-0.4378
-0.3950
-0.3841
-0.3172
-0.1506
0.0291
0.1835
0.2680
0.2919
0.3007
0.3280
0.3099
0.2629
0.2518
0.1708
0.0139
-0.0871
-0.1140
-0.1630
-0.3298
-0.3877
-0.4326
-0.4393
-0.3920
-0.3322
-0.2704
-0.2739
-0.2790
-0.2898
-0.2860
-0.2472
-0.1680
-0.1713
-0.1510
-0.1301
-0.0926
-0.1533
-0.1815
-0.2036
-0.1690
-0.0901
-0.0110
0.0307
-0.0313
-0.0940
-0.1250
-0.0669
0.0119
0.0501
0.0171
-0.0447
-0.1096
-0.1386
-0.2227
-0.3294
-0.4024
-0.4330
-0.4106
-0.3697
-0.3368
-0.2620
-0.1455
0.0102
0.2373
0.5854
0.8500
1.0941
1.2504
1.2928
1.2620
1.0742
0.7747
0.4558
0.2087
-0.0676
-0.3688
-0.5123
-0.5513
-0.5303
-0.4304
-0.3342
-0.3202
-0.2444
-0.0827
0.1253
0.2371
0.4496
0.5804
0.6674
0.6513
0.5962
0.4475
0.3568
0.2398
0.0658
-0.0730
-0.1210
-0.2403
-0.3756
-0.4843
-0.5131
-0.4866
-0.4427
-0.3991
-0.4018
-0.4146
-0.4071
-0.3393
-0.1893
-0.1242
-0.0888
-0.0764
-0.0593
0.0013
0.0498
0.0125
-0.0659
-0.0898
-0.0953
-0.0259
-0.0185
-0.0694
-0.1074
-0.1246
-0.0718
-0.0664
-0.0967
-0.1444
-0.1314
-0.1027
-0.1305
-0.2103
-0.3125
-0.3871
-0.4440
-0.4864
-0.4135
-0.3181
-0.2624
-0.2419
-0.1607
0.0985
0.3419
0.6726
0.9694
1.2390
1.3425
1.1863
1.0110
0.8308
0.6125
0.3139
-0.0946
-0.2614
-0.3755
-0.4482
-0.5466
-0.5719
-0.5263
-0.4605
-0.4172
-0.3570
-0.2620
-0.0526
0.1118
0.2944
0.4912
0.6123
0.6676
0.7250
0.7187
0.6239
0.4759
0.2962
0.1220
-0.1582
-0.2916
-0.4273
-0.5016
-0.5166
-0.4472
-0.4297
-0.4487
-0.4545
-0.4144
-0.3467
-0.1929
-0.0639
0.0783
0.1994
0.2318
0.1204
-0.0007
-0.0359
-0.0824
-0.1556
-0.2351
-0.2180
-0.1965
-0.2039
-0.2427
-0.2333
-0.1372
-0.0822
-0.0843
-0.1236
-0.1277
-0.1045
-0.0936
-0.1468
-0.2271
-0.3245
-0.4074
-0.4829
-0.4668
-0.4303
-0.3390
-0.2829
-0.2611
-0.2293
-0.1420
0.0574
0.3595
0.6554
0.9437
1.0519
1.0345
0.8579
0.6382
0.4871
0.2674
0.0972
-0.1032
-0.2481
-0.3450
-0.4545
-0.5193
-0.5203
-0.4882
-0.4523
-0.4192
-0.2712
-0.1236
0.0491
0.2193
0.4326
0.6009
0.7081
0.7816
0.8586
0.7772
0.6179
0.4012
0.2443
0.0463
-0.1657
-0.3550
-0.5085
-0.5473
-0.4957
-0.4224
-0.3742
-0.3382
-0.2770
-0.2152
-0.0879
0.1223
0.2955
0.3628
0.3717
0.3753
0.3177
0.2105
0.0842
-0.0463
-0.1156
-0.1759
-0.2271
-0.2291
-0.2407
-0.3285
-0.3293
-0.2553
-0.1530
-0.0924
-0.0618
-0.0382
-0.0528
-0.1554
-0.2871
-0.3637
-0.3499
-0.3458
-0.3880
-0.3809
-0.3322
-0.1786
-0.1486
-0.1289
-0.0898
0.0397
0.1921
0.3716
0.4279
0.4475
0.3370
0.2421
0.2357
0.2952
0.2475
0.1521
0.0070
-0.1381
-0.3467
-0.4273
-0.4926
-0.5080
-0.4955
