-0.4563
-0.2978
-0.1410
0.0056
0.1195
0.2243
0.3318
0.3925
0.4554
0.5535
0.6196
0.5906
0.5071
0.5442
0.5802
0.5192
0.2816
0.0485
-0.0305
-0.0094
-0.0406
-0.0758
-0.0944
-0.1328
-0.1615
-0.1573
-0.1224
-0.0285
0.2882
0.5561
0.7785
0.9653
1.1218
1.2291
1.1617
0.9635
0.7655
0.5160
0.2518
-0.0897
-0.1499
-0.1467
-0.1148
-0.0784
-0.0835
-0.1231
-0.1421
-0.1704
-0.1758
-0.1701
-0.1582
-0.1901
-0.2077
-0.2033
-0.0954
0.0364
0.1797
0.2416
0.2934
0.3213
0.2874
0.1742
0.0478
-0.0476
-0.1111
-0.1430
-0.1397
-0.1062
-0.0395
-0.0051
-0.0442
-0.0696
-0.0603
0.0855
0.1415
0.1326
0.0481
0.0224
-0.0137
-0.0766
-0.1258
-0.1077
-0.0178
0.0875
0.1794
0.1654
0.1440
0.0743
0.0485
0.0706
0.1382
0.2032
0.2706
0.2014
0.1145
-0.0657
-0.1354
-0.1845
-0.1946
-0.2434
-0.2869
-0.2633
-0.2506
-0.2773
-0.2763
-0.2309
-0.0234
0.2171
0.4412
0.6447
0.7968
1.0402
1.0682
0.9528
0.7872
0.6114
0.3565
-0.0439
-0.2039
-0.2618
-0.2211
-0.1529
-0.1635
-0.2382
-0.2804
-0.2500
-0.2190
-0.1858
-0.2344
-0.2489
-0.2643
-0.2422
-0.1111
0.2063
0.3478
0.3665
0.3425
0.3521
0.3142
0.0798
-0.0807
-0.1795
-0.2357
-0.2964
-0.2818
-0.3099
-0.3284
-0.3128
-0.2926
-0.2956
-0.2847
-0.2713
-0.2969
-0.3198
-0.2986
-0.2847
-0.3230
-0.3540
-0.3489
-0.3546
-0.2872
-0.1038
-0.0367
-0.0809
-0.0776
-0.0580
-0.0716
-0.2320
-0.2833
-0.2868
-0.2698
-0.3034
-0.3284
-0.2861
-0.2060
-0.1976
-0.2473
-0.3063
-0.2771
-0.2724
-0.3095
-0.3593
-0.3630
-0.2984
-0.2358
-0.1657
-0.0263
0.1686
0.3763
0.6460
0.7446
0.7703
0.6835
0.5003
0.1539
-0.0673
-0.1699
-0.2048
-0.1796
-0.2114
-0.2821
-0.2939
-0.2706
-0.2848
-0.3017
-0.3030
-0.2747
-0.2622
-0.2611
-0.2687
-0.1792
0.1251
0.3690
0.5379
0.6132
0.6522
0.6531
0.5702
0.3604
0.1290
-0.1104
-0.2182
-0.2450
-0.2255
-0.2162
-0.1821
-0.1654
-0.1693
-0.2740
-0.2785
-0.2355
-0.2056
-0.2144
-0.2338
-0.2510
-0.2713
-0.2799
-0.2576
-0.1578
0.1428
0.2076
0.2031
0.1801
0.1901
0.1531
0.0416
-0.0690
-0.1638
-0.1440
-0.1391
-0.1204
-0.1384
-0.1546
-0.1501
-0.0991
-0.1058
-0.1734
-0.1864
-0.2019
-0.1983
-0.2694
-0.2542
-0.1770
-0.0791
0.0324
0.1630
0.4016
0.5305
0.6071
0.6321
0.6037
0.5161
0.3339
0.1555
-0.0180
-0.1432
-0.1389
-0.1127
-0.1356
-0.1662
-0.1875
-0.1883
-0.1794
-0.1592
-0.1466
-0.1269
-0.0743
-0.0661
-0.1033
0.0023
0.2623
0.5769
0.7724
0.8618
0.9961
0.9388
0.7138
0.4037
0.1246
-0.0337
-0.1418
-0.1406
-0.1150
-0.0946
-0.1143
-0.1226
-0.1592
-0.2025
-0.2180
-0.1887
-0.1716
-0.1920
-0.1654
-0.1475
-0.1159
-0.1209
-0.0415
0.1372
0.2650
0.2925
0.2116
0.1262
0.0912
0.0446
-0.0324
-0.1196
-0.1170
-0.0506
-0.0187
-0.0262
-0.0518
-0.0246
-0.0162
-0.0804
-0.1551
-0.1845
-0.1746
-0.1447
-0.1744
-0.1857
-0.1143
0.0071
0.1098
0.2039
0.3157
0.4871
0.6267
0.6235
0.5516
0.6746
0.8928
0.9861
0.9185
0.6774
0.5004
0.2573
0.0917
-0.0514
-0.0768
-0.0747
